128 128
3749
1 49
2 20
3 49
4 45
5 80
6 39
6 62
7 43
7 76
8 21
8 61
8 69
9 47
9 58
9 60
9 61
9 63
10 49
11 48
11 68
11 83
12 63
12 84
12 98
13 47
13 55
13 89
14 19
14 41
14 57
14 66
14 73
14 96
15 49
15 56
15 61
15 62
15 81
15 82
16 42
16 46
16 48
16 50
16 57
16 61
17 21
17 34
17 42
17 51
17 58
17 69
17 71
17 83
17 99
18 26
18 49
18 53
18 58
18 63
18 64
18 70
18 74
18 75
18 90
18 91
18 104
18 121
19 54
19 58
19 59
19 63
19 64
19 65
19 68
19 78
19 92
19 96
20 16
20 33
20 43
20 45
20 55
20 61
20 71
20 74
20 76
20 77
20 80
20 81
20 91
21 22
21 36
21 37
21 54
21 63
21 69
21 75
21 82
21 85
22 20
22 42
22 46
22 47
22 53
22 60
22 65
22 66
22 70
22 71
22 72
22 75
22 76
22 102
23 24
23 30
23 33
23 44
23 53
23 54
23 56
23 57
23 63
23 64
23 67
23 72
23 73
23 93
24 29
24 32
24 39
24 51
24 53
24 54
24 65
24 66
24 68
24 69
24 70
24 71
24 76
24 83
24 84
25 40
25 47
25 49
25 52
25 53
25 56
25 58
25 59
25 60
25 61
25 69
25 70
25 73
25 89
26 2
26 26
26 31
26 32
26 33
26 41
26 45
26 51
26 53
26 62
26 67
26 70
26 74
26 75
26 76
26 78
26 79
26 90
26 93
26 98
26 126
27 28
27 30
27 35
27 37
27 38
27 47
27 48
27 50
27 55
27 56
27 59
27 62
27 63
27 64
27 68
27 69
27 71
27 73
27 74
27 75
27 76
27 85
28 22
28 28
28 29
28 30
28 33
28 34
28 36
28 57
28 61
28 63
28 70
28 79
29 39
29 40
29 44
29 47
29 50
29 55
29 56
29 61
29 64
29 70
29 79
29 80
29 81
29 83
29 86
29 88
30 26
30 28
30 34
30 38
30 43
30 47
30 49
30 52
30 53
30 55
30 57
30 59
30 62
30 63
30 66
30 69
30 70
30 73
30 74
30 76
30 78
30 79
30 81
30 82
30 87
30 88
30 98
30 102
31 28
31 31
31 34
31 36
31 38
31 39
31 42
31 44
31 47
31 52
31 54
31 56
31 57
31 63
31 67
31 69
31 73
31 77
31 79
31 81
31 89
31 93
31 94
31 96
31 107
32 35
32 42
32 50
32 52
32 54
32 56
32 59
32 60
32 62
32 63
32 64
32 67
32 68
32 74
32 75
32 76
32 77
32 79
32 80
32 81
32 85
32 87
32 89
32 92
32 96
32 107
33 22
33 24
33 27
33 29
33 32
33 40
33 44
33 45
33 47
33 49
33 51
33 53
33 54
33 57
33 60
33 63
33 65
33 66
33 69
33 70
33 71
33 72
33 75
33 82
33 84
33 85
33 90
33 104
33 106
33 107
33 111
33 121
34 2
34 8
34 35
34 38
34 41
34 48
34 49
34 50
34 53
34 54
34 55
34 56
34 57
34 58
34 60
34 61
34 62
34 64
34 65
34 66
34 68
34 70
34 72
34 75
34 77
34 78
34 79
34 82
34 86
34 91
34 93
34 99
34 101
34 104
35 22
35 26
35 29
35 30
35 32
35 36
35 38
35 40
35 41
35 42
35 43
35 44
35 46
35 47
35 49
35 50
35 52
35 53
35 54
35 55
35 56
35 57
35 58
35 59
35 60
35 61
35 62
35 64
35 65
35 66
35 67
35 70
35 71
35 72
35 74
35 76
35 80
35 83
35 84
35 87
35 91
35 92
35 93
35 94
35 106
36 20
36 23
36 27
36 33
36 34
36 36
36 41
36 45
36 47
36 48
36 51
36 52
36 56
36 58
36 61
36 62
36 64
36 68
36 70
36 71
36 72
36 73
36 75
36 81
36 84
36 92
36 99
36 104
37 23
37 28
37 31
37 32
37 33
37 34
37 35
37 36
37 37
37 46
37 47
37 48
37 50
37 51
37 52
37 56
37 59
37 61
37 66
37 67
37 68
37 70
37 72
37 73
37 74
37 75
37 76
37 78
37 80
37 81
37 82
37 83
37 90
37 91
37 92
37 95
37 97
37 102
37 114
37 120
38 12
38 20
38 26
38 27
38 28
38 30
38 35
38 41
38 43
38 44
38 45
38 46
38 50
38 51
38 52
38 53
38 54
38 55
38 56
38 57
38 58
38 59
38 60
38 61
38 62
38 63
38 64
38 65
38 66
38 67
38 68
38 69
38 70
38 71
38 73
38 74
38 76
38 79
38 81
38 89
38 94
38 96
38 97
38 100
38 106
39 15
39 18
39 23
39 29
39 31
39 32
39 34
39 37
39 38
39 46
39 49
39 50
39 51
39 53
39 54
39 57
39 58
39 60
39 62
39 66
39 68
39 69
39 70
39 73
39 74
39 75
39 76
39 77
39 78
39 79
39 81
39 91
39 92
39 96
39 99
39 100
39 101
39 105
39 113
40 23
40 30
40 31
40 33
40 34
40 48
40 49
40 52
40 54
40 55
40 56
40 57
40 58
40 59
40 60
40 61
40 62
40 63
40 64
40 65
40 66
40 68
40 69
40 71
40 72
40 74
40 75
40 76
40 77
40 78
40 79
40 81
40 82
40 83
40 87
40 89
40 93
40 95
40 96
40 101
40 102
40 103
40 109
40 111
41 22
41 32
41 36
41 38
41 42
41 45
41 47
41 50
41 51
41 52
41 54
41 55
41 56
41 59
41 60
41 61
41 62
41 65
41 66
41 67
41 69
41 70
41 71
41 74
41 78
41 80
41 81
41 83
41 84
41 85
41 90
41 95
41 104
41 107
41 113
42 31
42 34
42 37
42 38
42 40
42 44
42 45
42 46
42 47
42 50
42 51
42 52
42 53
42 54
42 55
42 56
42 59
42 60
42 62
42 63
42 64
42 65
42 66
42 67
42 68
42 69
42 70
42 71
42 72
42 73
42 74
42 75
42 76
42 79
42 80
42 81
42 84
42 86
42 87
42 88
42 91
42 92
42 94
42 107
43 8
43 18
43 23
43 24
43 28
43 31
43 40
43 41
43 42
43 43
43 44
43 45
43 48
43 52
43 53
43 55
43 56
43 57
43 59
43 60
43 61
43 62
43 63
43 66
43 67
43 68
43 69
43 72
43 73
43 74
43 76
43 78
43 82
43 83
43 93
43 96
43 100
43 101
43 103
43 105
44 23
44 24
44 31
44 32
44 33
44 36
44 39
44 41
44 43
44 45
44 46
44 47
44 49
44 50
44 52
44 54
44 55
44 56
44 57
44 58
44 59
44 60
44 62
44 63
44 64
44 65
44 66
44 67
44 68
44 69
44 70
44 71
44 72
44 74
44 75
44 77
44 79
44 80
44 81
44 83
44 84
44 85
44 89
44 91
44 93
44 94
44 95
44 97
44 98
44 105
44 117
45 14
45 23
45 25
45 28
45 29
45 32
45 35
45 38
45 41
45 42
45 44
45 46
45 47
45 51
45 52
45 53
45 54
45 55
45 56
45 59
45 60
45 61
45 62
45 63
45 64
45 65
45 66
45 67
45 68
45 69
45 72
45 74
45 75
45 76
45 77
45 78
45 79
45 80
45 81
45 82
45 83
45 87
45 90
45 91
45 92
45 96
45 98
45 99
45 108
46 23
46 25
46 27
46 28
46 30
46 31
46 32
46 33
46 34
46 37
46 38
46 41
46 42
46 43
46 44
46 45
46 46
46 47
46 50
46 51
46 52
46 54
46 55
46 56
46 57
46 58
46 59
46 60
46 61
46 62
46 63
46 64
46 65
46 67
46 68
46 69
46 70
46 71
46 72
46 73
46 74
46 75
46 76
46 77
46 78
46 79
46 80
46 82
46 84
46 85
46 86
46 87
46 90
46 93
46 99
46 103
46 106
46 110
46 111
47 4
47 19
47 31
47 32
47 33
47 36
47 37
47 40
47 43
47 44
47 45
47 47
47 48
47 49
47 50
47 51
47 52
47 53
47 54
47 56
47 58
47 60
47 62
47 63
47 64
47 65
47 66
47 67
47 69
47 70
47 72
47 73
47 74
47 76
47 78
47 80
47 81
47 82
47 84
47 85
47 87
47 88
47 91
47 92
47 94
47 95
47 97
47 98
47 101
47 113
48 5
48 6
48 20
48 21
48 22
48 25
48 31
48 32
48 33
48 35
48 36
48 40
48 41
48 42
48 44
48 45
48 46
48 47
48 49
48 50
48 51
48 52
48 53
48 55
48 56
48 58
48 59
48 60
48 61
48 62
48 63
48 64
48 66
48 67
48 68
48 69
48 70
48 72
48 73
48 74
48 75
48 76
48 80
48 82
48 83
48 85
48 86
48 88
48 89
48 90
48 91
48 93
48 95
48 102
48 103
48 109
48 113
48 125
49 15
49 17
49 24
49 29
49 30
49 33
49 35
49 43
49 44
49 45
49 47
49 48
49 49
49 50
49 51
49 52
49 53
49 54
49 55
49 56
49 57
49 60
49 61
49 62
49 63
49 65
49 67
49 68
49 69
49 70
49 72
49 73
49 74
49 75
49 76
49 77
49 79
49 80
49 83
49 84
49 85
49 88
49 89
49 90
49 91
49 92
49 93
49 95
49 96
49 97
49 98
49 99
49 106
49 112
50 18
50 19
50 22
50 29
50 32
50 34
50 36
50 40
50 41
50 45
50 46
50 48
50 50
50 51
50 52
50 53
50 54
50 55
50 56
50 57
50 59
50 60
50 62
50 63
50 64
50 65
50 66
50 67
50 68
50 69
50 70
50 71
50 72
50 75
50 76
50 77
50 78
50 79
50 80
50 81
50 83
50 86
50 88
50 90
50 93
50 95
50 96
50 99
50 101
51 18
51 19
51 31
51 35
51 36
51 38
51 39
51 40
51 41
51 43
51 44
51 45
51 46
51 47
51 48
51 49
51 50
51 51
51 53
51 54
51 55
51 56
51 57
51 58
51 59
51 61
51 62
51 63
51 64
51 65
51 66
51 68
51 69
51 70
51 71
51 72
51 73
51 75
51 76
51 78
51 79
51 80
51 82
51 83
51 84
51 86
51 87
51 90
51 91
51 92
51 95
51 96
51 98
51 100
51 107
51 120
52 14
52 19
52 27
52 30
52 32
52 34
52 36
52 37
52 38
52 39
52 40
52 41
52 42
52 43
52 46
52 48
52 49
52 50
52 51
52 52
52 53
52 54
52 56
52 58
52 59
52 60
52 61
52 62
52 63
52 64
52 65
52 66
52 67
52 68
52 69
52 70
52 71
52 72
52 73
52 74
52 76
52 78
52 79
52 80
52 82
52 84
52 85
52 86
52 91
52 92
52 94
52 97
52 98
52 119
53 17
53 24
53 28
53 29
53 30
53 31
53 32
53 35
53 36
53 38
53 39
53 40
53 41
53 42
53 43
53 44
53 45
53 46
53 47
53 48
53 49
53 50
53 51
53 52
53 53
53 54
53 55
53 56
53 58
53 59
53 60
53 61
53 64
53 65
53 66
53 67
53 68
53 70
53 71
53 72
53 73
53 75
53 76
53 77
53 78
53 79
53 80
53 81
53 82
53 85
53 86
53 87
53 88
53 89
53 90
53 92
53 102
53 104
53 107
54 18
54 29
54 32
54 34
54 37
54 38
54 39
54 40
54 41
54 42
54 43
54 45
54 48
54 49
54 50
54 51
54 52
54 53
54 54
54 55
54 56
54 57
54 59
54 60
54 62
54 63
54 65
54 66
54 67
54 68
54 69
54 70
54 71
54 72
54 73
54 75
54 76
54 77
54 79
54 80
54 81
54 82
54 83
54 84
54 85
54 86
54 87
54 88
54 89
54 90
54 92
54 94
54 117
54 123
55 11
55 24
55 26
55 28
55 29
55 30
55 31
55 33
55 34
55 36
55 37
55 38
55 39
55 41
55 42
55 46
55 47
55 48
55 49
55 50
55 51
55 52
55 54
55 55
55 56
55 57
55 59
55 60
55 61
55 62
55 63
55 64
55 66
55 67
55 68
55 69
55 71
55 72
55 73
55 75
55 76
55 77
55 78
55 79
55 80
55 81
55 82
55 83
55 85
55 86
55 88
55 91
55 92
55 93
55 94
55 95
55 103
55 106
55 110
55 120
56 21
56 32
56 34
56 35
56 36
56 39
56 41
56 42
56 43
56 44
56 45
56 46
56 47
56 48
56 49
56 50
56 51
56 52
56 53
56 54
56 55
56 56
56 57
56 58
56 59
56 60
56 61
56 63
56 64
56 65
56 66
56 67
56 68
56 69
56 70
56 71
56 72
56 73
56 74
56 75
56 76
56 78
56 79
56 80
56 81
56 82
56 83
56 84
56 85
56 87
56 88
56 90
56 91
56 92
56 93
56 95
56 96
56 98
56 100
56 106
56 110
56 111
57 10
57 13
57 14
57 21
57 22
57 25
57 35
57 37
57 39
57 40
57 42
57 43
57 45
57 46
57 47
57 48
57 49
57 50
57 51
57 52
57 53
57 55
57 56
57 57
57 58
57 59
57 60
57 61
57 62
57 63
57 64
57 66
57 67
57 68
57 69
57 70
57 73
57 74
57 75
57 76
57 77
57 78
57 79
57 81
57 82
57 83
57 84
57 86
57 87
57 88
57 89
57 92
57 93
57 94
57 105
57 106
57 115
57 119
58 27
58 29
58 30
58 33
58 35
58 36
58 37
58 38
58 40
58 41
58 43
58 44
58 46
58 48
58 50
58 51
58 53
58 54
58 55
58 56
58 57
58 58
58 59
58 60
58 61
58 62
58 63
58 64
58 65
58 66
58 67
58 68
58 69
58 70
58 71
58 72
58 73
58 74
58 75
58 76
58 77
58 78
58 79
58 80
58 81
58 82
58 83
58 84
58 86
58 88
58 90
58 92
58 93
58 94
58 96
58 100
58 102
58 103
58 108
58 111
58 116
59 3
59 12
59 17
59 20
59 21
59 24
59 25
59 28
59 29
59 31
59 32
59 33
59 34
59 35
59 36
59 37
59 39
59 40
59 41
59 42
59 43
59 44
59 45
59 46
59 47
59 48
59 49
59 52
59 54
59 55
59 56
59 57
59 58
59 60
59 61
59 62
59 63
59 64
59 65
59 66
59 68
59 69
59 70
59 71
59 72
59 73
59 74
59 75
59 76
59 77
59 79
59 81
59 82
59 83
59 86
59 89
59 92
59 94
59 99
59 100
59 104
59 125
60 18
60 25
60 29
60 30
60 32
60 35
60 37
60 38
60 40
60 41
60 42
60 43
60 44
60 46
60 47
60 48
60 49
60 50
60 52
60 53
60 54
60 55
60 58
60 60
60 61
60 62
60 63
60 65
60 66
60 67
60 68
60 69
60 70
60 71
60 72
60 74
60 76
60 77
60 79
60 80
60 82
60 83
60 84
60 85
60 86
60 90
60 91
60 94
60 96
60 101
60 104
60 108
61 5
61 16
61 17
61 18
61 20
61 24
61 26
61 29
61 30
61 35
61 36
61 38
61 39
61 40
61 41
61 43
61 44
61 47
61 48
61 49
61 51
61 52
61 53
61 55
61 56
61 58
61 59
61 60
61 61
61 62
61 63
61 64
61 66
61 67
61 69
61 70
61 71
61 72
61 73
61 74
61 75
61 77
61 78
61 80
61 82
61 83
61 85
61 86
61 89
61 90
61 91
61 92
61 94
61 100
61 101
61 103
61 105
62 22
62 28
62 36
62 37
62 39
62 41
62 42
62 43
62 44
62 45
62 47
62 48
62 49
62 50
62 52
62 53
62 54
62 55
62 56
62 57
62 58
62 59
62 60
62 61
62 62
62 63
62 64
62 65
62 66
62 67
62 68
62 70
62 72
62 73
62 74
62 75
62 76
62 77
62 78
62 79
62 80
62 81
62 84
62 88
62 89
62 90
62 91
62 92
62 94
62 95
62 96
62 97
62 98
62 106
63 20
63 27
63 31
63 33
63 34
63 35
63 36
63 37
63 38
63 43
63 46
63 47
63 48
63 49
63 50
63 51
63 52
63 53
63 54
63 55
63 56
63 58
63 59
63 60
63 61
63 62
63 63
63 64
63 65
63 66
63 67
63 68
63 69
63 70
63 72
63 73
63 74
63 75
63 76
63 77
63 78
63 79
63 80
63 81
63 82
63 83
63 84
63 85
63 86
63 87
63 90
63 91
63 93
63 94
63 95
63 97
63 98
63 104
63 107
63 112
63 113
64 5
64 10
64 20
64 31
64 32
64 34
64 35
64 38
64 39
64 40
64 41
64 42
64 43
64 44
64 45
64 46
64 48
64 49
64 50
64 51
64 53
64 54
64 55
64 56
64 57
64 58
64 59
64 60
64 61
64 62
64 63
64 64
64 66
64 67
64 68
64 71
64 72
64 74
64 75
64 76
64 77
64 78
64 80
64 81
64 82
64 83
64 84
64 88
64 89
64 93
64 99
64 102
64 104
64 107
64 114
65 3
65 19
65 24
65 28
65 29
65 30
65 32
65 35
65 36
65 38
65 40
65 41
65 43
65 44
65 45
65 46
65 47
65 48
65 49
65 50
65 51
65 53
65 54
65 55
65 57
65 58
65 59
65 60
65 61
65 62
65 63
65 64
65 65
65 66
65 67
65 68
65 69
65 70
65 71
65 72
65 73
65 74
65 75
65 76
65 77
65 78
65 80
65 82
65 84
65 85
65 87
65 88
65 90
65 91
65 92
65 94
65 95
65 97
65 98
65 99
65 106
65 119
65 121
66 19
66 26
66 27
66 30
66 33
66 35
66 36
66 37
66 39
66 41
66 42
66 43
66 45
66 47
66 48
66 49
66 51
66 54
66 55
66 56
66 57
66 58
66 59
66 60
66 61
66 63
66 64
66 65
66 66
66 67
66 68
66 69
66 70
66 71
66 72
66 73
66 74
66 75
66 76
66 77
66 78
66 79
66 80
66 82
66 83
66 84
66 85
66 86
66 87
66 94
66 97
66 108
66 110
67 15
67 25
67 30
67 33
67 35
67 36
67 38
67 40
67 41
67 42
67 43
67 44
67 45
67 46
67 47
67 48
67 50
67 51
67 52
67 53
67 54
67 56
67 57
67 58
67 60
67 61
67 62
67 63
67 64
67 65
67 66
67 67
67 69
67 70
67 71
67 72
67 73
67 74
67 75
67 76
67 77
67 78
67 79
67 81
67 82
67 83
67 84
67 86
67 87
67 88
67 89
67 90
67 93
67 94
67 96
67 97
67 98
67 101
67 102
67 117
68 17
68 21
68 23
68 24
68 29
68 31
68 32
68 33
68 34
68 35
68 38
68 39
68 41
68 42
68 44
68 45
68 46
68 47
68 48
68 49
68 51
68 52
68 53
68 54
68 55
68 56
68 57
68 58
68 59
68 60
68 61
68 62
68 63
68 64
68 65
68 66
68 67
68 68
68 70
68 71
68 72
68 73
68 74
68 76
68 77
68 78
68 79
68 81
68 82
68 83
68 84
68 85
68 86
68 87
68 88
68 89
68 90
68 91
68 92
68 93
68 94
68 96
68 101
68 109
69 5
69 12
69 20
69 22
69 30
69 33
69 34
69 35
69 36
69 37
69 38
69 39
69 40
69 41
69 42
69 44
69 46
69 47
69 48
69 49
69 50
69 52
69 53
69 54
69 55
69 56
69 57
69 58
69 59
69 60
69 61
69 64
69 65
69 66
69 67
69 68
69 69
69 70
69 71
69 72
69 73
69 74
69 75
69 76
69 77
69 78
69 79
69 81
69 82
69 83
69 84
69 85
69 86
69 87
69 88
69 89
69 90
69 92
69 93
69 96
69 101
69 103
69 106
69 108
69 109
69 122
70 20
70 21
70 22
70 30
70 31
70 33
70 34
70 35
70 38
70 39
70 41
70 42
70 43
70 44
70 45
70 47
70 50
70 51
70 52
70 53
70 54
70 56
70 57
70 58
70 60
70 61
70 62
70 64
70 65
70 66
70 67
70 68
70 70
70 71
70 72
70 73
70 74
70 75
70 76
70 77
70 78
70 79
70 80
70 81
70 82
70 83
70 84
70 85
70 86
70 87
70 88
70 90
70 91
70 93
70 94
70 96
70 98
70 99
70 101
70 103
70 108
70 109
71 8
71 11
71 13
71 21
71 24
71 25
71 29
71 30
71 32
71 33
71 34
71 37
71 38
71 39
71 41
71 43
71 44
71 46
71 48
71 49
71 50
71 51
71 52
71 55
71 56
71 57
71 58
71 59
71 60
71 61
71 62
71 63
71 64
71 65
71 66
71 67
71 68
71 69
71 71
71 72
71 74
71 75
71 77
71 78
71 79
71 80
71 81
71 82
71 83
71 85
71 86
71 89
71 90
71 91
71 94
71 95
71 97
71 100
71 101
71 102
71 105
71 109
71 122
72 3
72 22
72 25
72 30
72 32
72 33
72 36
72 42
72 43
72 44
72 47
72 48
72 49
72 50
72 51
72 52
72 53
72 54
72 55
72 56
72 58
72 59
72 60
72 61
72 62
72 63
72 64
72 65
72 66
72 67
72 68
72 70
72 71
72 72
72 73
72 74
72 75
72 76
72 79
72 80
72 81
72 82
72 83
72 84
72 85
72 86
72 87
72 89
72 91
72 94
72 95
72 97
72 98
72 99
72 100
72 101
73 24
73 26
73 29
73 30
73 31
73 33
73 37
73 38
73 39
73 40
73 42
73 43
73 45
73 46
73 47
73 48
73 49
73 50
73 51
73 52
73 53
73 54
73 55
73 56
73 57
73 58
73 59
73 60
73 61
73 62
73 63
73 64
73 65
73 66
73 67
73 68
73 69
73 70
73 71
73 73
73 74
73 75
73 76
73 77
73 78
73 79
73 80
73 81
73 82
73 84
73 86
73 88
73 89
73 90
73 92
73 93
73 94
73 100
73 101
73 106
73 111
73 113
73 115
74 1
74 12
74 16
74 22
74 29
74 33
74 34
74 36
74 38
74 39
74 40
74 41
74 42
74 44
74 48
74 49
74 50
74 51
74 53
74 54
74 55
74 56
74 57
74 59
74 60
74 61
74 62
74 63
74 64
74 65
74 66
74 67
74 68
74 69
74 70
74 71
74 72
74 73
74 74
74 75
74 76
74 77
74 78
74 81
74 82
74 83
74 84
74 85
74 86
74 87
74 88
74 89
74 91
74 93
74 95
74 96
74 100
74 116
75 4
75 14
75 18
75 21
75 22
75 26
75 27
75 29
75 30
75 33
75 36
75 37
75 41
75 42
75 43
75 44
75 45
75 46
75 47
75 48
75 50
75 51
75 52
75 53
75 54
75 56
75 57
75 58
75 59
75 60
75 61
75 62
75 63
75 64
75 65
75 67
75 68
75 69
75 70
75 71
75 72
75 74
75 75
75 76
75 77
75 78
75 79
75 80
75 81
75 82
75 83
75 84
75 86
75 87
75 88
75 91
75 93
75 96
75 101
76 23
76 25
76 28
76 29
76 30
76 31
76 34
76 35
76 36
76 39
76 40
76 42
76 43
76 44
76 45
76 46
76 47
76 48
76 49
76 51
76 53
76 54
76 55
76 56
76 58
76 59
76 60
76 61
76 62
76 63
76 65
76 66
76 67
76 68
76 69
76 70
76 71
76 72
76 73
76 74
76 75
76 76
76 79
76 81
76 82
76 83
76 85
76 86
76 87
76 88
76 91
76 92
76 93
76 96
76 97
76 98
76 100
76 101
76 104
77 17
77 29
77 32
77 36
77 39
77 42
77 43
77 44
77 45
77 46
77 47
77 48
77 51
77 53
77 54
77 57
77 58
77 59
77 60
77 61
77 62
77 63
77 65
77 66
77 67
77 68
77 70
77 71
77 72
77 73
77 74
77 75
77 76
77 77
77 78
77 79
77 80
77 84
77 87
77 88
77 90
77 91
77 92
77 93
77 96
77 98
77 102
77 104
77 105
78 26
78 27
78 28
78 30
78 32
78 34
78 36
78 37
78 38
78 39
78 40
78 41
78 42
78 43
78 46
78 47
78 48
78 49
78 50
78 51
78 52
78 54
78 55
78 56
78 57
78 58
78 60
78 61
78 62
78 64
78 66
78 67
78 68
78 69
78 70
78 71
78 72
78 73
78 74
78 76
78 78
78 79
78 80
78 81
78 82
78 83
78 84
78 85
78 90
78 91
78 92
78 94
78 95
78 96
78 97
78 98
78 99
78 100
78 111
78 123
78 124
79 13
79 25
79 27
79 28
79 36
79 37
79 38
79 39
79 40
79 42
79 43
79 44
79 48
79 49
79 50
79 51
79 52
79 55
79 56
79 57
79 59
79 60
79 62
79 63
79 64
79 65
79 66
79 67
79 69
79 71
79 72
79 73
79 74
79 75
79 76
79 78
79 79
79 80
79 81
79 84
79 85
79 86
79 88
79 91
79 93
79 99
79 102
79 107
79 109
79 110
79 112
80 10
80 21
80 29
80 36
80 39
80 40
80 42
80 43
80 44
80 45
80 47
80 48
80 49
80 50
80 51
80 54
80 55
80 56
80 57
80 58
80 59
80 60
80 61
80 62
80 63
80 64
80 65
80 66
80 68
80 70
80 71
80 72
80 73
80 75
80 76
80 77
80 78
80 79
80 80
80 81
80 83
80 84
80 85
80 86
80 87
80 90
80 91
80 93
80 94
80 108
80 109
81 25
81 26
81 31
81 34
81 37
81 39
81 41
81 42
81 43
81 45
81 47
81 48
81 49
81 50
81 51
81 52
81 54
81 55
81 56
81 57
81 58
81 59
81 60
81 61
81 62
81 63
81 64
81 65
81 67
81 69
81 70
81 71
81 72
81 73
81 74
81 75
81 76
81 77
81 78
81 80
81 81
81 82
81 83
81 87
81 92
81 95
81 97
82 26
82 30
82 32
82 34
82 36
82 39
82 42
82 43
82 44
82 47
82 48
82 49
82 50
82 51
82 52
82 53
82 54
82 56
82 57
82 59
82 60
82 61
82 63
82 64
82 65
82 66
82 68
82 69
82 71
82 72
82 73
82 74
82 76
82 77
82 78
82 79
82 80
82 84
82 85
82 86
82 89
82 90
82 91
82 92
82 93
82 94
82 95
82 96
82 109
82 114
83 22
83 27
83 28
83 30
83 31
83 33
83 36
83 37
83 40
83 42
83 45
83 46
83 47
83 48
83 49
83 51
83 52
83 54
83 56
83 57
83 59
83 60
83 61
83 63
83 64
83 65
83 66
83 67
83 68
83 69
83 70
83 71
83 72
83 73
83 76
83 79
83 81
83 83
83 84
83 85
83 87
83 94
83 95
83 98
84 21
84 25
84 37
84 38
84 39
84 40
84 43
84 44
84 45
84 46
84 47
84 49
84 50
84 51
84 52
84 53
84 54
84 55
84 56
84 58
84 59
84 60
84 61
84 62
84 64
84 65
84 66
84 67
84 68
84 69
84 70
84 71
84 72
84 73
84 74
84 75
84 76
84 77
84 78
84 79
84 81
84 82
84 86
84 90
84 92
84 94
84 97
84 105
85 4
85 13
85 16
85 24
85 32
85 35
85 36
85 38
85 39
85 40
85 41
85 42
85 44
85 45
85 46
85 47
85 48
85 49
85 50
85 52
85 53
85 54
85 55
85 56
85 57
85 58
85 59
85 60
85 61
85 66
85 67
85 68
85 69
85 70
85 71
85 72
85 74
85 75
85 76
85 78
85 81
85 83
85 84
85 86
85 87
85 88
85 89
85 91
85 95
85 102
85 106
86 23
86 26
86 28
86 33
86 37
86 38
86 39
86 40
86 41
86 44
86 46
86 47
86 49
86 53
86 55
86 56
86 57
86 59
86 60
86 61
86 62
86 63
86 64
86 65
86 67
86 68
86 74
86 75
86 76
86 77
86 82
86 85
86 86
86 90
86 91
86 92
86 93
86 97
86 98
86 99
86 100
87 14
87 25
87 33
87 35
87 37
87 39
87 41
87 42
87 44
87 47
87 49
87 50
87 51
87 55
87 56
87 57
87 58
87 60
87 61
87 62
87 63
87 66
87 67
87 68
87 69
87 70
87 71
87 76
87 77
87 78
87 80
87 81
87 82
87 83
87 84
87 85
87 86
87 88
87 90
87 92
87 95
87 100
87 107
87 108
88 29
88 30
88 31
88 32
88 36
88 38
88 43
88 44
88 49
88 50
88 51
88 52
88 53
88 54
88 55
88 56
88 60
88 61
88 62
88 63
88 64
88 67
88 69
88 72
88 73
88 74
88 75
88 78
88 81
88 82
88 85
88 89
88 91
88 92
88 96
88 101
88 119
89 26
89 29
89 32
89 37
89 38
89 44
89 48
89 51
89 52
89 53
89 57
89 58
89 60
89 61
89 62
89 67
89 68
89 70
89 71
89 72
89 73
89 76
89 78
89 79
89 80
89 81
89 86
89 87
89 91
89 93
89 96
89 98
89 100
89 104
89 106
89 109
90 18
90 20
90 22
90 25
90 29
90 34
90 39
90 40
90 44
90 46
90 47
90 49
90 50
90 52
90 54
90 58
90 59
90 60
90 61
90 62
90 63
90 69
90 73
90 74
90 75
90 76
90 77
90 79
90 80
90 83
90 84
90 85
90 88
90 90
90 94
90 110
91 19
91 24
91 27
91 28
91 37
91 41
91 42
91 47
91 50
91 51
91 52
91 53
91 55
91 56
91 57
91 58
91 61
91 65
91 68
91 69
91 71
91 72
91 73
91 77
91 85
91 86
91 88
91 90
91 94
91 95
91 101
91 107
91 112
92 3
92 26
92 30
92 31
92 32
92 34
92 36
92 41
92 42
92 43
92 48
92 49
92 50
92 51
92 52
92 55
92 56
92 59
92 60
92 61
92 62
92 64
92 68
92 71
92 72
92 73
92 74
92 76
92 79
92 81
92 83
92 89
92 96
92 98
92 100
92 102
92 108
92 116
93 11
93 19
93 28
93 36
93 37
93 39
93 41
93 45
93 48
93 49
93 51
93 52
93 53
93 54
93 55
93 56
93 57
93 59
93 60
93 62
93 63
93 65
93 68
93 69
93 70
93 73
93 74
93 78
93 81
93 85
93 87
93 88
93 89
93 92
93 93
93 100
94 25
94 27
94 28
94 29
94 32
94 39
94 40
94 41
94 43
94 44
94 49
94 50
94 54
94 55
94 57
94 58
94 59
94 60
94 62
94 63
94 64
94 65
94 66
94 68
94 69
94 72
94 73
94 74
94 75
94 77
94 86
94 87
94 99
94 103
94 106
95 23
95 25
95 35
95 39
95 40
95 43
95 44
95 48
95 49
95 50
95 52
95 56
95 58
95 64
95 68
95 70
95 71
95 75
95 81
95 83
95 86
95 91
95 93
95 113
95 119
96 25
96 38
96 39
96 43
96 45
96 49
96 54
96 55
96 56
96 58
96 59
96 60
96 61
96 64
96 66
96 67
96 68
96 69
96 70
96 74
96 79
96 80
96 82
96 85
96 98
96 101
96 119
97 30
97 34
97 37
97 45
97 48
97 56
97 57
97 59
97 60
97 61
97 62
97 63
97 64
97 67
97 70
97 72
97 76
97 78
97 83
97 84
97 91
97 109
98 24
98 37
98 45
98 52
98 56
98 58
98 59
98 66
98 68
98 69
98 73
98 74
98 75
98 77
98 78
98 79
98 84
98 85
98 87
98 88
98 89
98 93
99 21
99 35
99 36
99 37
99 40
99 46
99 47
99 48
99 49
99 50
99 51
99 54
99 57
99 58
99 59
99 64
99 67
99 68
99 71
99 72
99 75
99 80
99 81
99 86
99 90
100 20
100 47
100 48
100 53
100 57
100 64
100 65
100 66
100 69
100 73
100 74
100 76
100 81
100 86
100 87
100 94
100 97
100 98
100 103
100 111
101 41
101 47
101 49
101 52
101 53
101 59
101 78
101 80
101 82
101 89
101 92
101 104
102 38
102 46
102 53
102 54
102 59
102 60
102 67
102 69
102 75
102 80
102 94
102 96
102 97
102 105
103 36
103 49
103 50
103 52
103 58
103 62
103 64
103 66
103 69
103 80
103 81
103 86
103 90
103 103
104 12
104 21
104 36
104 41
104 42
104 48
104 49
104 50
104 52
104 53
104 54
104 55
104 59
104 60
104 63
104 64
104 65
104 67
104 68
104 69
104 71
104 73
104 78
104 83
104 84
104 88
105 36
105 54
105 59
105 66
105 70
105 71
105 72
105 75
105 81
105 86
105 116
106 31
106 38
106 40
106 43
106 52
106 58
106 59
106 80
106 81
106 88
107 21
107 24
107 35
107 41
107 52
107 56
107 57
107 58
107 65
107 74
107 75
107 78
107 83
107 93
107 98
108 31
108 51
108 61
108 62
108 65
108 67
108 68
108 78
108 79
108 80
108 98
108 104
109 18
109 30
109 47
109 52
109 56
109 67
109 74
109 82
109 92
110 25
110 28
110 50
110 53
110 62
110 69
110 77
110 87
111 52
111 60
111 61
111 62
111 66
111 78
111 79
111 84
112 22
112 25
112 33
112 39
112 58
112 62
112 75
112 99
112 125
113 38
113 44
113 54
113 55
113 60
113 66
114 54
114 63
114 75
114 103
115 18
115 60
115 69
115 76
116 12
116 58
116 62
116 78
116 90
117 53
117 78
117 110
118 38
118 55
118 82
119 51
119 60
120 46
120 92
121 43
121 81
122 38
124 49
124 81
125 59
125 79
128 48
128 88
64 29
