128 128
3491
1 1
1 2
1 3
1 4
1 5
1 6
1 7
1 8
1 9
1 10
1 11
1 12
1 13
1 14
1 15
1 16
1 17
1 18
1 19
1 20
1 21
1 22
1 23
1 24
1 25
1 26
1 27
1 28
1 29
1 30
1 31
1 32
1 33
1 34
1 35
1 36
1 37
1 38
1 39
1 40
1 41
1 42
1 43
1 44
1 45
1 46
1 47
1 48
1 49
1 50
1 51
1 52
1 53
1 54
1 55
1 56
1 57
1 58
1 59
1 60
1 61
1 62
1 63
1 64
1 65
1 66
1 67
1 68
1 69
1 70
1 71
1 72
1 73
1 74
1 75
1 76
1 77
1 78
1 79
1 80
1 81
1 82
1 83
1 84
1 85
1 86
1 87
1 88
1 89
1 90
1 91
1 92
1 93
1 94
1 95
1 96
1 97
1 98
1 99
1 100
1 101
1 102
1 103
1 104
1 105
1 106
1 107
1 108
1 109
1 110
1 111
1 112
1 113
1 114
1 115
1 116
1 117
1 118
1 119
1 120
1 121
1 122
1 123
1 124
1 125
1 126
1 127
1 128
2 1
2 2
2 3
2 4
2 5
2 6
2 7
2 8
2 9
2 10
2 11
2 12
2 13
2 14
2 15
2 16
2 17
2 18
2 19
2 20
2 21
2 22
2 23
2 24
2 25
2 26
2 27
2 28
2 29
2 30
2 31
2 32
2 33
2 34
2 35
2 36
2 37
2 38
2 39
2 40
2 41
2 42
2 43
2 44
2 45
2 46
2 47
2 48
2 49
2 50
2 51
2 52
2 53
2 54
2 55
2 56
2 57
2 58
2 59
2 60
2 61
2 62
2 63
2 64
2 65
2 66
2 67
2 68
2 69
2 70
2 71
2 72
2 73
2 74
2 75
2 76
2 77
2 78
2 79
2 80
2 81
2 82
2 83
2 84
2 85
2 86
2 87
2 88
2 89
2 90
2 91
2 92
2 93
2 94
2 95
2 96
2 97
2 98
2 99
2 100
2 101
2 102
2 103
2 104
2 105
2 106
2 107
2 108
2 109
2 110
2 111
2 112
2 113
2 114
2 115
2 116
2 117
2 118
2 119
2 120
2 121
2 122
2 123
2 124
2 125
2 126
2 127
2 128
3 1
3 2
3 3
3 4
3 5
3 6
3 7
3 8
3 9
3 10
3 11
3 12
3 13
3 14
3 15
3 16
3 17
3 18
3 19
3 20
3 21
3 22
3 23
3 24
3 25
3 26
3 27
3 28
3 29
3 30
3 31
3 32
3 33
3 34
3 35
3 36
3 37
3 38
3 39
3 40
3 41
3 42
3 43
3 44
3 45
3 46
3 47
3 48
3 49
3 50
3 51
3 52
3 53
3 54
3 55
3 56
3 57
3 58
3 59
3 60
3 61
3 62
3 63
3 64
3 65
3 66
3 67
3 68
3 69
3 70
3 71
3 72
3 73
3 74
3 75
3 76
3 77
3 78
3 79
3 80
3 81
3 82
3 83
3 84
3 85
3 86
3 87
3 88
3 89
3 90
3 91
3 92
3 93
3 94
3 95
3 96
3 97
3 98
3 99
3 100
3 101
3 102
3 103
3 104
3 105
3 106
3 107
3 108
3 109
3 110
3 111
3 112
3 113
3 114
3 115
3 116
3 117
3 118
3 119
3 120
3 121
3 122
3 123
3 124
3 125
3 126
3 127
3 128
4 1
4 2
4 3
4 4
4 5
4 6
4 7
4 8
4 9
4 10
4 11
4 12
4 13
4 14
4 15
4 16
4 17
4 18
4 19
4 20
4 21
4 22
4 23
4 24
4 25
4 26
4 27
4 28
4 29
4 30
4 31
4 32
4 33
4 34
4 35
4 36
4 37
4 38
4 39
4 40
4 41
4 42
4 43
4 44
4 45
4 46
4 47
4 48
4 49
4 50
4 51
4 52
4 53
4 54
4 55
4 56
4 57
4 58
4 59
4 60
4 61
4 62
4 63
4 64
4 65
4 66
4 67
4 68
4 69
4 70
4 71
4 72
4 73
4 74
4 75
4 76
4 77
4 78
4 79
4 80
4 81
4 82
4 83
4 84
4 85
4 86
4 87
4 88
4 89
4 90
4 91
4 92
4 93
4 94
4 95
4 96
4 97
4 98
4 99
4 100
4 101
4 102
4 103
4 104
4 105
4 106
4 107
4 108
4 109
4 110
4 111
4 112
4 113
4 114
4 115
4 116
4 118
4 119
4 124
4 125
4 126
4 127
5 1
5 2
5 3
5 4
5 5
5 6
5 7
5 8
5 9
5 10
5 11
5 12
5 13
5 14
5 15
5 16
5 17
5 18
5 19
5 20
5 21
5 22
5 23
5 24
5 25
5 26
5 27
5 28
5 29
5 30
5 31
5 32
5 33
5 34
5 35
5 36
5 37
5 38
5 39
5 40
5 41
5 42
5 43
5 44
5 45
5 46
5 47
5 48
5 49
5 50
5 51
5 52
5 53
5 54
5 55
5 56
5 57
5 58
5 59
5 60
5 61
5 62
5 63
5 64
5 66
5 67
5 68
5 69
5 70
5 71
5 72
5 73
5 74
5 75
5 76
5 77
5 78
5 79
5 80
5 81
5 82
5 83
5 84
5 85
5 86
5 87
5 88
5 89
5 90
5 92
5 93
5 94
5 95
5 97
5 98
5 99
5 101
5 102
5 104
5 105
5 106
5 109
5 111
5 112
5 114
5 115
5 116
5 118
5 120
5 121
5 122
5 123
5 124
5 125
5 126
5 128
6 1
6 2
6 3
6 4
6 5
6 6
6 7
6 8
6 9
6 10
6 11
6 12
6 13
6 14
6 15
6 16
6 17
6 18
6 19
6 20
6 21
6 22
6 23
6 24
6 25
6 26
6 27
6 28
6 29
6 30
6 31
6 32
6 33
6 34
6 35
6 36
6 37
6 38
6 39
6 40
6 41
6 42
6 43
6 44
6 45
6 46
6 47
6 48
6 49
6 50
6 51
6 52
6 53
6 54
6 55
6 56
6 57
6 59
6 60
6 61
6 62
6 63
6 64
6 66
6 69
6 70
6 72
6 74
6 75
6 76
6 77
6 78
6 79
6 80
6 81
6 82
6 84
6 88
6 89
6 91
6 92
6 93
6 94
6 95
6 96
6 98
6 100
6 101
6 102
6 103
6 104
6 106
6 107
6 109
6 111
6 112
6 116
6 117
6 119
6 120
6 121
6 124
6 126
6 127
6 128
7 1
7 2
7 3
7 4
7 5
7 6
7 7
7 8
7 9
7 10
7 11
7 12
7 13
7 14
7 15
7 16
7 17
7 18
7 19
7 20
7 21
7 22
7 23
7 24
7 25
7 26
7 27
7 28
7 29
7 30
7 31
7 32
7 33
7 34
7 35
7 36
7 37
7 38
7 39
7 40
7 41
7 42
7 43
7 44
7 45
7 46
7 47
7 48
7 49
7 50
7 51
7 52
7 53
7 54
7 55
7 56
7 57
7 58
7 59
7 61
7 62
7 63
7 64
7 65
7 66
7 67
7 69
7 72
7 74
7 76
7 77
7 80
7 81
7 82
7 84
7 85
7 86
7 87
7 88
7 90
7 91
7 92
7 96
7 97
7 98
7 99
7 102
7 105
7 107
7 109
7 118
7 120
7 125
7 127
8 1
8 2
8 3
8 4
8 5
8 6
8 7
8 8
8 9
8 10
8 11
8 12
8 13
8 14
8 15
8 16
8 17
8 18
8 19
8 20
8 21
8 22
8 23
8 24
8 25
8 26
8 27
8 28
8 29
8 30
8 31
8 32
8 33
8 34
8 35
8 36
8 37
8 38
8 39
8 40
8 41
8 42
8 43
8 44
8 46
8 47
8 48
8 49
8 50
8 51
8 52
8 53
8 54
8 55
8 57
8 58
8 59
8 61
8 62
8 63
8 64
8 65
8 66
8 67
8 68
8 69
8 70
8 71
8 72
8 73
8 74
8 76
8 77
8 78
8 79
8 80
8 81
8 82
8 83
8 84
8 86
8 89
8 91
8 92
8 94
8 95
8 98
8 99
8 100
8 104
8 106
8 110
8 116
8 123
8 126
9 1
9 2
9 3
9 4
9 5
9 6
9 7
9 8
9 9
9 10
9 11
9 12
9 13
9 14
9 15
9 16
9 17
9 18
9 19
9 20
9 21
9 22
9 23
9 24
9 25
9 26
9 27
9 28
9 29
9 30
9 31
9 32
9 33
9 34
9 35
9 36
9 37
9 38
9 39
9 40
9 41
9 42
9 43
9 46
9 47
9 48
9 49
9 50
9 51
9 53
9 54
9 55
9 56
9 57
9 58
9 60
9 62
9 63
9 65
9 66
9 68
9 70
9 72
9 73
9 74
9 75
9 80
9 82
9 83
9 87
9 88
9 89
9 90
9 91
9 92
9 94
9 98
9 99
9 101
9 105
9 109
9 111
9 112
9 113
9 116
9 121
9 122
9 124
10 1
10 2
10 3
10 4
10 5
10 6
10 7
10 8
10 9
10 10
10 11
10 12
10 13
10 14
10 15
10 16
10 17
10 18
10 19
10 20
10 21
10 22
10 23
10 24
10 25
10 26
10 27
10 28
10 29
10 30
10 31
10 32
10 33
10 34
10 35
10 36
10 37
10 38
10 39
10 41
10 42
10 43
10 46
10 47
10 48
10 51
10 52
10 53
10 55
10 56
10 57
10 60
10 62
10 63
10 66
10 68
10 69
10 70
10 71
10 73
10 74
10 77
10 78
10 79
10 80
10 83
10 84
10 86
10 94
10 97
10 108
10 109
10 112
10 113
10 116
10 118
10 119
10 125
10 126
10 127
11 1
11 2
11 3
11 4
11 5
11 6
11 7
11 8
11 9
11 10
11 11
11 12
11 13
11 14
11 15
11 16
11 17
11 18
11 19
11 20
11 21
11 22
11 23
11 24
11 25
11 26
11 27
11 28
11 29
11 30
11 31
11 33
11 34
11 35
11 36
11 38
11 39
11 40
11 41
11 42
11 43
11 44
11 45
11 46
11 47
11 49
11 50
11 51
11 53
11 54
11 55
11 56
11 58
11 59
11 64
11 65
11 67
11 68
11 72
11 77
11 79
11 81
11 87
11 94
11 95
11 97
11 98
11 100
11 102
11 103
11 107
11 110
11 111
11 112
11 116
11 125
11 127
11 128
12 1
12 2
12 3
12 4
12 5
12 6
12 7
12 8
12 9
12 10
12 11
12 12
12 13
12 14
12 15
12 16
12 17
12 18
12 19
12 20
12 21
12 22
12 23
12 24
12 25
12 26
12 27
12 28
12 29
12 30
12 31
12 32
12 33
12 34
12 35
12 36
12 37
12 39
12 40
12 41
12 42
12 43
12 44
12 47
12 48
12 49
12 50
12 52
12 55
12 57
12 58
12 59
12 60
12 62
12 63
12 66
12 67
12 68
12 70
12 71
12 72
12 73
12 75
12 77
12 81
12 88
12 89
12 92
12 95
12 101
12 102
12 103
13 1
13 2
13 3
13 4
13 5
13 6
13 7
13 8
13 9
13 10
13 11
13 12
13 13
13 14
13 15
13 16
13 17
13 18
13 19
13 20
13 21
13 22
13 23
13 24
13 25
13 26
13 27
13 28
13 29
13 30
13 31
13 32
13 33
13 34
13 35
13 36
13 37
13 38
13 40
13 42
13 43
13 44
13 46
13 47
13 48
13 50
13 52
13 53
13 54
13 55
13 56
13 57
13 59
13 60
13 61
13 65
13 66
13 67
13 71
13 80
13 83
13 84
13 86
13 88
13 92
13 94
13 109
13 125
14 1
14 2
14 3
14 4
14 5
14 6
14 7
14 8
14 9
14 10
14 11
14 12
14 13
14 14
14 15
14 16
14 17
14 18
14 19
14 20
14 21
14 22
14 24
14 25
14 27
14 28
14 29
14 30
14 31
14 32
14 34
14 35
14 36
14 38
14 40
14 41
14 42
14 43
14 45
14 47
14 48
14 49
14 51
14 52
14 54
14 58
14 59
14 65
14 68
14 69
14 70
14 76
14 77
14 81
14 89
14 100
14 104
14 111
14 112
14 126
15 1
15 2
15 3
15 4
15 5
15 6
15 7
15 8
15 9
15 10
15 11
15 12
15 13
15 14
15 15
15 16
15 17
15 18
15 19
15 20
15 21
15 22
15 23
15 24
15 25
15 26
15 27
15 28
15 30
15 31
15 32
15 33
15 34
15 35
15 37
15 38
15 40
15 41
15 43
15 46
15 52
15 53
15 54
15 56
15 59
15 62
15 63
15 65
15 69
15 72
15 77
15 78
15 79
15 81
15 85
15 86
15 89
15 90
15 101
15 102
15 112
15 119
16 1
16 2
16 3
16 4
16 5
16 6
16 7
16 8
16 9
16 10
16 11
16 12
16 13
16 14
16 15
16 16
16 17
16 18
16 19
16 20
16 22
16 23
16 24
16 25
16 26
16 27
16 28
16 29
16 30
16 31
16 32
16 33
16 35
16 36
16 38
16 39
16 41
16 45
16 46
16 52
16 53
16 55
16 58
16 59
16 60
16 67
16 71
16 77
16 82
16 84
16 90
16 97
16 100
16 117
16 119
17 1
17 2
17 3
17 4
17 5
17 6
17 7
17 8
17 9
17 10
17 11
17 12
17 13
17 14
17 15
17 16
17 17
17 18
17 19
17 20
17 21
17 22
17 23
17 24
17 25
17 27
17 29
17 30
17 32
17 34
17 37
17 38
17 42
17 44
17 48
17 51
17 52
17 54
17 59
17 61
17 63
17 68
17 69
17 75
17 77
17 89
17 90
17 96
17 102
18 1
18 2
18 3
18 4
18 5
18 6
18 7
18 8
18 9
18 10
18 11
18 12
18 13
18 14
18 15
18 16
18 18
18 19
18 20
18 21
18 22
18 23
18 24
18 26
18 27
18 28
18 29
18 30
18 31
18 33
18 35
18 36
18 37
18 39
18 40
18 41
18 42
18 43
18 44
18 46
18 50
18 52
18 54
18 62
18 64
18 74
18 79
18 90
18 99
18 127
19 1
19 2
19 3
19 4
19 5
19 6
19 7
19 8
19 9
19 10
19 11
19 12
19 13
19 14
19 15
19 16
19 17
19 18
19 19
19 21
19 22
19 25
19 26
19 27
19 28
19 29
19 32
19 33
19 38
19 44
19 47
19 50
19 52
19 59
19 63
19 67
19 81
19 84
19 85
19 90
19 94
19 103
19 111
20 1
20 2
20 3
20 4
20 5
20 6
20 7
20 8
20 9
20 10
20 11
20 12
20 13
20 14
20 16
20 17
20 18
20 19
20 22
20 23
20 26
20 29
20 30
20 31
20 32
20 34
20 36
20 38
20 40
20 44
20 46
20 48
20 50
20 51
20 58
20 59
20 68
20 91
20 102
20 116
20 125
21 1
21 2
21 3
21 4
21 5
21 6
21 7
21 8
21 9
21 10
21 11
21 12
21 13
21 14
21 15
21 16
21 17
21 18
21 19
21 20
21 21
21 22
21 23
21 24
21 25
21 26
21 27
21 29
21 30
21 34
21 37
21 40
21 48
21 49
21 53
21 56
21 57
21 59
21 63
21 64
21 71
21 73
21 86
21 108
22 1
22 2
22 3
22 4
22 5
22 6
22 7
22 8
22 9
22 10
22 11
22 12
22 13
22 14
22 15
22 16
22 18
22 19
22 20
22 21
22 23
22 25
22 26
22 27
22 31
22 34
22 35
22 36
22 37
22 38
22 41
22 43
22 45
22 46
22 57
22 58
22 70
22 76
22 77
22 79
22 120
22 125
23 1
23 2
23 3
23 4
23 5
23 6
23 7
23 8
23 9
23 10
23 11
23 12
23 13
23 14
23 15
23 16
23 17
23 18
23 20
23 21
23 22
23 23
23 24
23 25
23 27
23 28
23 29
23 31
23 32
23 37
23 38
23 40
23 41
23 50
23 52
23 62
23 70
23 78
23 87
23 93
24 1
24 2
24 3
24 4
24 5
24 6
24 7
24 8
24 9
24 10
24 11
24 12
24 13
24 14
24 15
24 16
24 18
24 19
24 20
24 21
24 22
24 23
24 25
24 27
24 28
24 35
24 38
24 39
24 40
24 41
24 42
24 47
24 49
24 57
24 59
24 67
24 70
24 76
24 85
24 122
25 1
25 2
25 3
25 4
25 5
25 6
25 7
25 8
25 9
25 10
25 11
25 12
25 13
25 14
25 15
25 16
25 17
25 18
25 19
25 20
25 21
25 24
25 26
25 28
25 31
25 33
25 43
25 48
25 49
25 65
25 71
25 72
25 78
25 83
25 118
26 1
26 2
26 3
26 4
26 5
26 6
26 7
26 8
26 9
26 10
26 11
26 12
26 13
26 14
26 15
26 16
26 17
26 18
26 21
26 22
26 23
26 29
26 32
26 33
26 34
26 36
26 40
26 42
26 43
26 50
26 62
26 66
26 67
26 70
26 78
26 97
26 105
26 114
26 122
27 1
27 2
27 3
27 4
27 5
27 6
27 7
27 8
27 9
27 10
27 11
27 12
27 13
27 14
27 15
27 16
27 17
27 18
27 19
27 20
27 21
27 22
27 23
27 25
27 27
27 28
27 30
27 32
27 33
27 34
27 37
27 38
27 39
27 43
27 46
27 48
27 62
27 64
27 65
27 71
27 90
27 117
28 1
28 2
28 3
28 4
28 5
28 6
28 7
28 8
28 9
28 10
28 11
28 12
28 13
28 14
28 15
28 16
28 17
28 18
28 19
28 21
28 26
28 28
28 30
28 39
28 46
28 53
28 61
29 1
29 2
29 3
29 4
29 5
29 6
29 7
29 8
29 9
29 10
29 11
29 12
29 13
29 14
29 15
29 16
29 18
29 20
29 21
29 22
29 23
29 26
29 27
29 28
29 31
29 32
29 33
29 40
29 42
29 52
29 57
29 59
29 82
29 94
29 95
29 111
29 121
30 1
30 2
30 3
30 4
30 5
30 6
30 7
30 8
30 9
30 10
30 11
30 12
30 13
30 14
30 15
30 16
30 17
30 18
30 20
30 21
30 23
30 24
30 27
30 29
30 32
30 39
30 56
30 65
30 121
31 1
31 2
31 3
31 4
31 5
31 6
31 7
31 8
31 9
31 10
31 11
31 12
31 13
31 14
31 15
31 16
31 20
31 22
31 23
31 28
31 33
31 34
31 35
31 36
31 56
31 74
31 78
31 82
31 112
31 120
32 1
32 2
32 3
32 4
32 5
32 6
32 7
32 8
32 9
32 11
32 12
32 13
32 14
32 15
32 17
32 18
32 19
32 20
32 22
32 24
32 26
32 27
32 31
32 32
32 43
32 47
32 52
32 57
32 68
32 89
32 92
32 100
32 102
33 1
33 2
33 3
33 4
33 5
33 6
33 7
33 8
33 9
33 10
33 11
33 13
33 14
33 15
33 17
33 18
33 20
33 21
33 22
33 24
33 28
33 31
33 37
33 41
33 43
33 86
33 92
33 93
34 1
34 2
34 3
34 4
34 5
34 6
34 7
34 8
34 9
34 10
34 11
34 12
34 13
34 14
34 15
34 17
34 18
34 19
34 21
34 22
34 23
34 24
34 26
34 31
34 32
34 38
34 44
34 63
34 77
34 88
34 89
34 109
35 1
35 2
35 3
35 4
35 5
35 6
35 7
35 8
35 9
35 10
35 11
35 12
35 14
35 15
35 16
35 17
35 18
35 27
35 31
35 34
35 37
35 38
35 55
35 66
35 100
36 1
36 2
36 3
36 4
36 5
36 6
36 7
36 8
36 9
36 10
36 12
36 13
36 14
36 15
36 16
36 19
36 20
36 21
36 24
36 38
36 40
36 46
36 50
36 62
36 66
36 96
37 1
37 2
37 3
37 4
37 5
37 6
37 7
37 8
37 9
37 10
37 11
37 13
37 14
37 15
37 16
37 17
37 21
37 23
37 24
37 26
37 27
37 30
37 31
37 55
37 89
37 104
38 1
38 2
38 3
38 4
38 5
38 6
38 7
38 8
38 9
38 10
38 11
38 12
38 13
38 14
38 16
38 17
38 18
38 22
38 23
38 26
38 28
38 32
38 34
38 37
38 42
38 43
38 44
38 49
38 84
39 1
39 2
39 3
39 4
39 5
39 6
39 7
39 8
39 9
39 10
39 11
39 12
39 15
39 16
39 17
39 18
39 19
39 21
39 23
39 24
39 25
39 27
39 38
39 39
39 63
39 66
39 79
39 127
40 1
40 2
40 3
40 4
40 5
40 6
40 7
40 8
40 9
40 10
40 11
40 12
40 13
40 15
40 17
40 20
40 21
40 24
40 26
40 40
40 66
40 86
40 88
40 93
40 109
41 1
41 2
41 3
41 4
41 5
41 6
41 7
41 8
41 9
41 11
41 12
41 14
41 15
41 16
41 21
41 34
41 44
41 51
41 60
41 61
42 1
42 2
42 3
42 4
42 5
42 6
42 7
42 8
42 9
42 10
42 11
42 12
42 13
42 14
42 15
42 21
42 23
42 29
42 30
42 31
42 33
42 37
42 51
42 101
42 127
43 1
43 2
43 3
43 4
43 5
43 6
43 7
43 8
43 9
43 10
43 11
43 12
43 13
43 14
43 17
43 18
43 19
43 20
43 33
43 38
43 39
43 44
43 52
44 1
44 2
44 3
44 4
44 5
44 6
44 7
44 8
44 9
44 12
44 14
44 16
44 17
44 18
44 23
44 24
44 25
44 26
44 117
45 1
45 2
45 3
45 4
45 5
45 6
45 7
45 8
45 9
45 10
45 11
45 12
45 13
45 14
45 16
45 20
45 25
45 29
45 30
45 32
45 33
45 39
45 42
45 49
45 69
46 1
46 2
46 3
46 4
46 5
46 6
46 7
46 8
46 9
46 10
46 12
46 13
46 14
46 16
46 18
46 19
46 20
46 29
46 31
46 49
46 53
46 58
46 63
46 79
47 1
47 2
47 3
47 4
47 5
47 6
47 7
47 8
47 9
47 10
47 11
47 13
47 14
47 15
47 19
47 20
47 26
47 35
47 41
47 43
47 49
47 64
48 1
48 2
48 3
48 4
48 5
48 6
48 7
48 8
48 9
48 10
48 11
48 12
48 13
48 15
48 16
48 18
48 19
48 20
48 23
48 38
48 65
48 79
48 84
48 87
48 112
48 128
49 1
49 2
49 3
49 4
49 5
49 6
49 7
49 8
49 9
49 11
49 12
49 13
49 14
49 15
49 17
49 22
49 26
49 27
49 28
49 43
49 58
49 74
50 1
50 2
50 3
50 4
50 5
50 6
50 7
50 8
50 9
50 10
50 12
50 14
50 15
50 16
50 18
50 20
50 23
50 25
50 43
50 45
50 58
51 1
51 2
51 3
51 4
51 5
51 6
51 7
51 8
51 9
51 10
51 11
51 12
51 15
51 16
51 20
51 26
51 27
51 28
51 30
51 35
51 111
52 1
52 2
52 3
52 4
52 5
52 6
52 7
52 8
52 9
52 10
52 11
52 13
52 14
52 15
52 17
52 21
52 22
52 24
52 43
52 48
52 49
52 51
52 62
52 85
53 1
53 2
53 3
53 4
53 5
53 6
53 7
53 8
53 9
53 10
53 12
53 16
53 18
53 21
53 34
53 41
53 42
53 48
53 97
54 1
54 2
54 3
54 4
54 5
54 6
54 7
54 8
54 11
54 12
54 15
54 18
54 20
54 24
54 28
54 29
54 33
54 34
54 43
54 50
54 87
54 93
54 108
55 1
55 2
55 3
55 4
55 5
55 6
55 7
55 8
55 9
55 11
55 15
55 17
55 18
55 23
55 25
55 29
55 31
55 98
56 1
56 2
56 3
56 4
56 5
56 6
56 8
56 9
56 12
56 14
56 15
56 16
56 19
56 22
56 27
56 28
56 33
56 40
56 68
56 73
56 106
57 1
57 2
57 3
57 4
57 5
57 6
57 9
57 10
57 11
57 12
57 19
57 20
57 23
57 25
57 29
57 38
57 41
57 60
57 63
57 72
58 1
58 2
58 3
58 4
58 5
58 6
58 7
58 8
58 9
58 10
58 12
58 13
58 14
58 15
58 16
58 30
58 35
58 41
58 55
58 63
58 72
59 1
59 2
59 3
59 4
59 5
59 7
59 8
59 10
59 11
59 15
59 17
59 20
59 23
59 32
59 45
60 1
60 2
60 3
60 4
60 5
60 6
60 7
60 8
60 9
60 10
60 11
60 12
60 17
60 23
60 44
60 48
60 127
61 1
61 2
61 3
61 4
61 5
61 6
61 7
61 8
61 9
61 10
61 11
61 13
61 14
61 27
61 31
61 36
61 44
62 1
62 2
62 3
62 4
62 5
62 6
62 7
62 8
62 10
62 11
62 26
62 34
62 35
63 1
63 2
63 3
63 4
63 5
63 6
63 7
63 9
63 10
63 11
63 12
63 15
63 16
63 17
63 26
63 39
63 46
63 71
63 83
63 87
63 107
64 1
64 2
64 3
64 4
64 5
64 6
64 7
64 8
64 9
64 10
64 13
64 14
64 15
64 28
65 1
65 2
65 3
65 4
65 5
65 6
65 7
65 8
65 9
65 12
65 14
65 16
65 17
65 21
65 27
65 34
65 52
66 1
66 2
66 3
66 4
66 5
66 6
66 7
66 9
66 10
66 13
66 14
66 17
66 25
67 1
67 2
67 3
67 4
67 5
67 6
67 7
67 8
67 10
67 11
67 12
67 13
67 16
67 17
67 59
67 82
67 112
68 1
68 2
68 3
68 4
68 5
68 6
68 7
68 8
68 10
68 11
68 14
68 15
68 18
68 23
68 34
68 52
69 1
69 2
69 3
69 4
69 5
69 6
69 7
69 10
69 11
69 12
69 18
69 23
69 25
69 32
69 37
69 79
70 1
70 2
70 3
70 4
70 5
70 6
70 7
70 8
70 9
70 11
70 12
70 14
70 18
70 67
70 79
70 93
71 1
71 2
71 3
71 4
71 5
71 6
71 7
71 8
71 10
71 11
71 16
71 17
71 22
71 35
71 39
71 58
71 112
72 1
72 2
72 3
72 4
72 5
72 6
72 7
72 8
72 9
72 12
72 15
73 1
73 2
73 3
73 4
73 5
73 6
73 7
73 8
73 11
73 20
73 30
73 50
74 1
74 2
74 3
74 4
74 5
74 6
74 13
74 19
74 23
74 27
74 29
74 96
75 1
75 2
75 3
75 4
75 5
75 6
75 8
75 9
75 12
75 14
75 24
75 30
75 43
75 95
76 1
76 2
76 3
76 4
76 6
76 8
76 9
76 10
76 12
76 14
76 21
77 1
77 2
77 3
77 4
77 6
77 7
77 9
77 10
77 16
77 17
77 26
77 70
78 1
78 2
78 3
78 4
78 5
78 6
78 7
78 8
78 9
78 13
78 18
78 82
79 1
79 2
79 3
79 4
79 5
79 6
79 7
79 8
79 9
79 10
79 19
79 26
79 30
79 35
79 55
80 1
80 2
80 3
80 4
80 5
80 6
80 7
80 8
80 9
80 10
80 12
80 14
80 20
80 35
80 81
81 1
81 2
81 3
81 4
81 6
81 7
81 8
81 9
81 10
81 13
81 14
81 81
81 104
82 1
82 2
82 3
82 4
82 6
82 10
82 11
82 12
82 14
82 36
83 1
83 2
83 3
83 4
83 5
83 6
83 7
83 10
83 11
83 12
83 15
83 17
83 47
84 1
84 2
84 3
84 4
84 5
84 6
84 7
84 8
84 10
84 11
84 48
84 55
85 1
85 2
85 3
85 4
85 6
85 7
85 8
85 9
85 12
85 24
85 29
85 44
85 56
86 1
86 2
86 3
86 4
86 5
86 6
86 10
87 1
87 2
87 3
87 4
87 5
87 6
87 7
87 14
87 15
87 21
87 25
87 27
87 53
88 1
88 2
88 3
88 4
88 6
88 8
88 14
88 19
88 56
89 1
89 2
89 3
89 4
89 12
89 16
89 17
89 22
89 25
89 28
89 53
90 1
90 2
90 3
90 4
90 5
90 6
90 7
90 9
90 11
90 15
90 16
91 1
91 2
91 3
91 6
91 8
91 9
91 10
91 12
91 13
91 14
91 15
91 16
91 17
91 28
91 52
92 1
92 2
92 3
92 9
92 10
92 12
92 13
92 14
92 20
93 1
93 2
93 3
93 4
93 5
93 6
93 8
93 11
93 12
93 24
94 1
94 2
94 3
94 4
94 5
94 11
94 14
94 16
94 100
95 1
95 2
95 3
95 4
95 5
95 17
96 1
96 2
96 3
96 4
96 5
96 6
96 9
96 15
97 1
97 2
97 3
97 4
97 5
97 7
97 12
97 14
97 21
97 33
98 1
98 2
98 3
98 4
98 5
98 6
98 11
98 18
98 28
98 75
98 100
99 1
99 2
99 3
99 4
99 5
99 6
99 9
99 28
99 95
100 1
100 2
100 3
100 4
100 5
100 6
100 7
100 9
100 10
100 14
100 17
100 20
100 21
100 40
101 1
101 2
101 3
101 4
101 5
101 6
101 7
101 8
101 9
101 65
102 1
102 2
102 3
102 4
102 5
102 6
102 7
102 9
102 11
102 35
103 1
103 2
103 3
103 4
103 5
103 6
103 8
103 9
103 10
103 16
104 1
104 2
104 3
104 4
104 5
104 7
104 15
104 18
104 44
105 1
105 2
105 3
105 4
105 5
105 7
105 8
106 1
106 2
106 3
106 4
106 8
106 11
106 12
106 16
106 17
106 98
107 1
107 2
107 3
107 4
107 7
107 11
107 19
107 53
108 1
108 2
108 3
108 4
108 5
108 6
108 8
108 9
108 18
108 46
109 1
109 2
109 3
109 4
109 5
109 6
109 9
109 11
109 15
109 17
110 1
110 2
110 3
110 4
110 5
110 6
110 9
110 10
110 12
110 41
111 1
111 2
111 3
111 4
111 5
111 6
111 14
111 24
111 51
112 1
112 2
112 3
112 4
112 6
112 8
112 12
112 18
112 19
112 32
113 1
113 2
113 3
113 5
113 6
113 11
113 41
113 65
113 114
114 1
114 2
114 3
114 5
114 7
114 8
114 12
115 1
115 2
115 3
115 4
115 5
115 6
115 8
115 13
115 18
115 26
115 27
116 1
116 2
116 3
116 4
116 5
116 6
116 7
116 8
116 9
116 26
116 31
117 1
117 2
117 3
117 4
117 7
117 10
117 16
117 37
117 59
117 63
117 89
118 1
118 2
118 3
118 5
118 6
118 25
119 1
119 2
119 3
119 4
119 5
119 6
119 8
119 9
119 32
120 1
120 2
120 3
120 4
120 5
120 6
120 9
120 13
120 34
121 1
121 2
121 3
121 4
121 9
121 11
122 1
122 2
122 3
122 5
122 6
122 7
122 11
123 1
123 2
123 3
123 5
123 7
123 9
123 10
124 1
124 2
124 3
124 4
124 5
124 6
124 44
125 1
125 2
125 3
125 4
125 5
125 8
125 18
125 27
125 34
126 1
126 2
126 3
126 4
126 9
127 1
127 2
127 3
127 4
127 5
127 8
127 9
127 10
127 17
128 1
128 2
128 3
128 8
128 13
128 20
